part 1: 28882
[6, 17, 18, 10, 2, 16, 8, 3, 4, 1, 7, 13, 12, 11, 1, 14, 5, 1, 9, 15]
[5, 16, 17, 9, 1, 15, 7, 2, 3, 1, 6, 12, 11, 10, 1, 13, 4, 1, 8, 14]
[1, 12, 13, 5, 1, 11, 3, 1, 1, 1, 2, 8, 7, 6, 1, 9, 1, 1, 4, 10]
[1, 10, 11, 3, 1, 9, 1, 1, 1, 1, 1, 6, 5, 4, 1, 7, 1, 1, 2, 8]
[1, 8, 9, 1, 1, 7, 1, 1, 1, 1, 1, 4, 3, 2, 1, 5, 1, 1, 1, 6]
[1, 6, 7, 1, 1, 5, 1, 1, 1, 1, 1, 2, 1, 1, 1, 3, 1, 1, 1, 4]
[1, 5, 6, 1, 1, 4, 1, 1, 1, 1, 1, 1, 1, 1, 1, 2, 1, 1, 1, 3]
[1, 2, 3, 1, 1, 1, 1, 1, 1, 1, 1, 1, 1, 1, 1, 1, 1, 1, 1, 1]
[1, 1, 2, 1, 1, 1, 1, 1, 1, 1, 1, 1, 1, 1, 1, 1, 1, 1, 1, 1]
[1, 1, 1, 1, 1, 1, 1, 1, 1, 1, 1, 1, 1, 1, 1, 1, 1, 1, 1, 1]
[1, 1, 1, 1, 1, 1, 1, 1, 1, 1, 1, 1, 1, 1, 1, 1, 1, 1, 1, 1]
[1, 1, 1, 1, 1, 1, 1, 1, 1, 1, 1, 1, 1, 1, 1, 1, 1, 1, 1, 1]
[1, 1, 1, 1, 1, 1, 1, 1, 1, 1, 1, 1, 1, 1, 1, 1, 1, 1, 1, 1]
[1, 1, 1, 1, 1, 1, 1, 1, 1, 1, 1, 1, 1, 1, 1, 1, 1, 1, 1, 1]
[1, 1, 1, 1, 1, 1, 1, 1, 1, 1, 1, 1, 1, 1, 1, 1, 1, 1, 1, 1]
[1, 1, 1, 1, 1, 1, 1, 1, 1, 1, 1, 1, 1, 1, 1, 1, 1, 1, 1, 1]
[1, 1, 1, 1, 1, 1, 1, 1, 1, 1, 1, 1, 1, 1, 1, 1, 1, 1, 1, 1]
[1, 1, 1, 1, 1, 1, 1, 1, 1, 1, 1, 1, 1, 1, 1, 1, 1, 1, 1, 1]
[1, 1, 1, 1, 1, 1, 1, 1, 1, 1, 1, 1, 1, 1, 1, 1, 1, 1, 1, 1]
[1, 1, 1, 1, 1, 1, 1, 1, 1, 1, 1, 1, 1, 1, 1, 1, 1, 1, 1, 1]
name([0][19]): 73 is in ("zone", (47..=249, 265..=972))
name([1][12]): 167 is in ("price", (44..=784, 794..=958))
name([2][10]): 113 is in ("class", (29..=822, 828..=961))
name([3][0]): 61 is in ("departure location", (45..=609, 616..=954))
name([4][16]): 89 is in ("train", (36..=803, 819..=954))
name([5][11]): 59 is in ("duration", (25..=131, 151..=967))
name([6][5]): 191 is in ("departure time", (49..=528, 538..=954))
name([7][13]): 103 is in ("route", (25..=498, 511..=951))
name([8][15]): 67 is in ("seat", (26..=756, 777..=960))
name([9][18]): 83 is in ("wagon", (46..=558, 570..=969))
name([10][8]): 163 is in ("arrival platform", (25..=118, 132..=954))
name([11][1]): 109 is in ("departure station", (32..=194, 211..=972))
name([12][3]): 101 is in ("departure track", (40..=626, 651..=952))
name([13][4]): 71 is in ("departure date", (44..=170, 184..=962))
name([14][14]): 97 is in ("row", (44..=905, 916..=973))
name([15][9]): 151 is in ("arrival track", (43..=703, 719..=965))
name([16][17]): 107 is in ("type", (33..=318, 335..=967))
name([17][7]): 79 is in ("arrival station", (48..=356, 373..=972))
name([18][2]): 157 is in ("departure platform", (35..=732, 744..=970))
name([19][6]): 53 is in ("arrival location", (36..=448, 464..=956))
Part 2: 1429779530273
